9,16
0000,0000,0000,0000,0000,0000,0000,0000,0000,0000,0000,0000,0000,0000,0000,0000,
0000,0000,0000,0000,0000,0000,0000,0000,0000,0000,0000,0000,0000,0000,0000,0000,
0000,0000,0000,0000,0000,0000,0000,0000,0000,0000,0000,0000,0000,0000,0000,0000,
0000,0000,0000,0000,0000,0000,0000,0000,0000,0000,0000,0000,0000,0000,0000,0000,
0000,0000,0000,0000,0000,0000,0000,0000,0000,0000,0000,0000,0000,0000,0000,0000,
0000,0000,0000,0000,brFF,brFF,brFF,0000,0000,brFF,brFF,brFF,0000,0000,0000,0000,
0000,0000,brFF,brFF,brFF,brFF,brFF,brFF,brFF,brFF,brFF,brFF,brFF,brFF,0000,0000,
brFF,brFF,brFF,brFF,brFF,brFF,brFF,brFF,brFF,brFF,brFF,brFF,brFF,brFF,brFF,brFF,
brFF,brFF,brFF,brFF,brFF,brFF,brFF,brFF,brFF,brFF,brFF,brFF,brFF,brFF,brFF,brFF,
0000,0000,0000,0000,0000,0000,0000,0000,0000,0000,0000,0000,0000,0000,0000,0000,
0000,0000,0000,0000,0000,0000,0000,0000,0000,0000,brFF,brFF,brFF,0000,0000,0000,
0000,0000,0000,0000,0000,0000,0000,0000,0000,0000,0000,0000,0000,0000,0000,0000,
0000,0000,0000,0000,0000,brFF,brFF,brFF,0000,0000,0000,0000,0000,0000,0000,0000,
0000,0000,0000,0000,0000,0000,0000,0000,0000,0000,brFF,brFF,brFF,0000,0000,0000,
0000,0000,0000,0000,0000,0000,0000,0000,0000,0000,0000,0000,0000,0000,0000,0000,
0000,0000,0000,0000,0000,0000,0000,0000,brFF,brFF,0000,0000,0000,brFF,brFF,0000,
brFF,brFF,brFF,brFF,0000,brFF,brFF,brFF,brFF,brFF,0000,0000,0000,brFF,brFF,0000,
brFF,brFF,brFF,brFF,0000,brFF,brFF,brFF,brFF,brFF,0000,0000,0000,brFF,brFF,0000,
