9,16
brFF,brFF,brFF,brFF,brFF,brFF,brFF,brFF,brFF,brFF,brFF,brFF,brFF,brFF,brFF,brFF,
0000,0000,0000,0000,0000,0000,0000,0000,0000,0000,0000,0000,0000,0000,0000,0000,
0000,0000,0000,0000,0000,0000,0000,0000,0000,0000,0000,0000,0000,0000,0000,0000,
0000,0000,0000,0000,0000,0000,0000,0000,0000,0000,0000,0000,0000,0000,0000,0000,
0000,0000,0000,0000,0000,0000,0000,0000,0000,0000,0000,0000,0000,0000,0000,0000,
0000,0000,0000,0000,0000,0000,brFT,brFT,brFT,0000,0000,0000,0000,0000,0000,0000,
0000,0000,0000,0000,e1TT,0000,0000,0000,0000,0000,0000,0000,0000,0000,0000,0000,
brFF,brFF,brFF,brFF,brFF,0000,0000,e1TT,0000,0000,0000,0000,brFF,brFF,brFF,brFF,
brFF,brFF,brFF,brFF,brFF,0000,0000,0000,0000,0000,0000,0000,brFF,brFF,brFF,brFF,
