9,16
brFF,0000,0000,0000,0000,0000,0000,0000,0000,0000,0000,0000,0000,0000,0000,0000,
brFF,0000,0000,0000,0000,0000,brFT,brFT,brFT,0000,0000,0000,0000,0000,0000,0000,
brFF,0000,0000,0000,0000,0000,0000,0000,0000,0000,0000,0000,0000,0000,0000,0000,
brFF,0000,brFF,brFF,brFF,0000,0000,0000,0000,0000,0000,0000,0000,0000,0000,0000,
brFF,0000,0000,0000,0000,0000,0000,0000,0000,0000,0000,0000,0000,0000,0000,0000,
brFF,0000,0000,0000,0000,0000,brFF,brFF,brFF,0000,0000,0000,0000,brFF,brFF,0000,
brFF,0000,0000,0000,0000,0000,0000,0000,0000,0000,0000,0000,e1FF,brFF,brFF,0000,
brFF,0000,0000,0000,0000,0000,0000,0000,0000,0000,0000,brFF,brFF,brFF,brFF,brFF,
brFF,brFF,brFF,brFF,brFF,brFF,brFF,brFF,brFF,brFF,brFF,brFF,brFF,brFF,brFF,brFF,
